%YAML:1.0
bed_table:
  depth: 0.398
  height: 0.35
  transform: !!opencv-matrix
    cols: 4
    data: [-0.9630062597296534, 0.2694790227856402, 0.0, -1.2183221644554485, -0.2694790227856402,
      -0.9630062597296534, 0.0, -2.4911661361529567, 0.0, 0.0, 1.0, 0.76, 0.0, 0.0,
      0.0, 1.0]
    dt: d
    rows: 4
  type: Table
  width: 0.898
bookshelf_0:
  depth: 0.4
  height: 0.35
  transform: !!opencv-matrix
    cols: 4
    data: [2.6794896301751692e-08, -0.9999999999999998, 0.0, 0.41929200535897937,
      0.9999999999999998, 2.6794896301751692e-08, 0.0, 4.767030011789754, 0.0, 0.0,
      1.0, 0.185, 0.0, 0.0, 0.0, 1.0]
    dt: d
    rows: 4
  type: Shelf
  width: 0.88
bookshelf_1:
  depth: 0.4
  height: 0.35
  transform: !!opencv-matrix
    cols: 4
    data: [2.6794896301751692e-08, -0.9999999999999998, 0.0, 0.41929200535897937,
      0.9999999999999998, 2.6794896301751692e-08, 0.0, 4.767030011789754, 0.0, 0.0,
      1.0, 0.565, 0.0, 0.0, 0.0, 1.0]
    dt: d
    rows: 4
  type: Shelf
  width: 0.88
bookshelf_2:
  depth: 0.4
  height: 0.35
  transform: !!opencv-matrix
    cols: 4
    data: [2.6794896301751692e-08, -0.9999999999999998, 0.0, 0.41929200535897937,
      0.9999999999999998, 2.6794896301751692e-08, 0.0, 4.767030011789754, 0.0, 0.0,
      1.0, 0.935, 0.0, 0.0, 0.0, 1.0]
    dt: d
    rows: 4
  type: Shelf
  width: 0.88
bookshelf_clone_0_0:
  depth: 0.4
  height: 0.35
  transform: !!opencv-matrix
    cols: 4
    data: [1.0, 0.0, 0.0, 6.55738, 0.0, 1.0, 0.0, 0.73099, 0.0, 0.0, 1.0, 0.185,
      0.0, 0.0, 0.0, 1.0]
    dt: d
    rows: 4
  type: Shelf
  width: 0.88
bookshelf_clone_0_1:
  depth: 0.4
  height: 0.35
  transform: !!opencv-matrix
    cols: 4
    data: [1.0, 0.0, 0.0, 6.55738, 0.0, 1.0, 0.0, 0.73099, 0.0, 0.0, 1.0, 0.565,
      0.0, 0.0, 0.0, 1.0]
    dt: d
    rows: 4
  type: Shelf
  width: 0.88
bookshelf_clone_0_2:
  depth: 0.4
  height: 0.35
  transform: !!opencv-matrix
    cols: 4
    data: [1.0, 0.0, 0.0, 6.55738, 0.0, 1.0, 0.0, 0.73099, 0.0, 0.0, 1.0, 0.935,
      0.0, 0.0, 0.0, 1.0]
    dt: d
    rows: 4
  type: Shelf
  width: 0.88
hcr_shefl_2_0:
  depth: 0.266
  height: 0.35
  transform: !!opencv-matrix
    cols: 4
    data: [-0.9999999999999991, -5.358979317005726e-08, 0.0, -3.095060011093087,
      5.358979317005726e-08, -0.9999999999999991, 0.0, -5.522389992872557, 0.0, 0.0,
      1.0, 0.445, 0.0, 0.0, 0.0, 1.0]
    dt: d
    rows: 4
  type: Shelf
  width: 0.414
hcr_shefl_2_1:
  depth: 0.266
  height: 0.35
  transform: !!opencv-matrix
    cols: 4
    data: [-0.9999999999999991, -5.358979317005726e-08, 0.0, -3.095060011093087,
      5.358979317005726e-08, -0.9999999999999991, 0.0, -5.522389992872557, 0.0, 0.0,
      1.0, 0.707, 0.0, 0.0, 0.0, 1.0]
    dt: d
    rows: 4
  type: Shelf
  width: 0.414
hcr_shefl_2_2:
  depth: 0.266
  height: 0.35
  transform: !!opencv-matrix
    cols: 4
    data: [-0.9999999999999991, -5.358979317005726e-08, 0.0, -3.095060011093087,
      5.358979317005726e-08, -0.9999999999999991, 0.0, -5.522389992872557, 0.0, 0.0,
      1.0, 1.009, 0.0, 0.0, 0.0, 1.0]
    dt: d
    rows: 4
  type: Shelf
  width: 0.414
names:
- bed_table
- table_clone
- table
- hcr_shefl_2_0
- hcr_shefl_2_1
- hcr_shefl_2_2
- bookshelf_clone_0_0
- bookshelf_clone_0_1
- bookshelf_clone_0_2
- bookshelf_0
- bookshelf_1
- bookshelf_2
table:
  depth: 0.8
  height: 0.35
  transform: !!opencv-matrix
    cols: 4
    data: [0.7841430286431208, 0.6205801403770459, 0.0, 1.2941923167400327, -0.6205801403770459,
      0.7841430286431208, -0.0, -0.16656078466847768, -0.0, 0.0, 1.0, 0.744873, 0.0,
      0.0, 0.0, 1.0]
    dt: d
    rows: 4
  type: Table
  width: 1.5
table_clone:
  depth: 0.8
  height: 0.35
  transform: !!opencv-matrix
    cols: 4
    data: [6.326794896649446e-06, 0.9999999999799859, 0.0, 6.6605225307029485, -0.9999999999799859,
      6.326794896649446e-06, -0.0, -3.443465254895822, -0.0, 0.0, 1.0, 0.7448730000000001,
      0.0, 0.0, 0.0, 1.0]
    dt: d
    rows: 4
  type: Table
  width: 1.5
