%YAML:1.0
bin_a:
  depth: 0.33
  height: 0.33
  transform: !!opencv-matrix
    cols: 4
    data: [2.6794896301751692e-08, 0.9999999999999998, 0.0, 2.3400000044211575, -0.9999999999999998,
      2.6794896301751692e-08, 0.0, -0.6049999949089696, 0.0, 0.0, 1.0, 0.455, 0.0,
      0.0, 0.0, 1.0]
    dt: d
    rows: 4
  type: tables
  width: 0.38
bin_b:
  depth: 0.33
  height: 0.33
  transform: !!opencv-matrix
    cols: 4
    data: [2.6794896301751692e-08, 0.9999999999999998, 0.0, 2.8900000044211582, -0.9999999999999998,
      2.6794896301751692e-08, 0.0, -0.6049999949089696, 0.0, 0.0, 1.0, 0.455, 0.0,
      0.0, 0.0, 1.0]
    dt: d
    rows: 4
  type: tables
  width: 0.38
container_a:
  depth: 0.28
  height: 0.525
  transform: !!opencv-matrix
    cols: 4
    data: [2.6794896301751692e-08, 0.9999999999999998, 0.0, 1.0900000037512854, -0.9999999999999998,
      2.6794896301751692e-08, 0.0, -0.5999999962487145, 0.0, 0.0, 1.0, 0.65, 0.0,
      0.0, 0.0, 1.0]
    dt: d
    rows: 4
  type: tables
  width: 0.28
container_b:
  depth: 0.095
  height: 0.51
  transform: !!opencv-matrix
    cols: 4
    data: [2.6794896301751692e-08, 0.9999999999999998, 0.0, 1.3775000012727576, -0.9999999999999998,
      2.6794896301751692e-08, 0.0, -0.5574999987272424, 0.0, 0.0, 1.0, 0.635, 0.0,
      0.0, 0.0, 1.0]
    dt: d
    rows: 4
  type: tables
  width: 0.095
long_table:
  depth: 0.4
  height: 0.4
  transform: !!opencv-matrix
    cols: 4
    data: [2.6794896301751692e-08, -0.9999999999999998, 0.0, 1.0000000053589795,
      0.9999999999999998, 2.6794896301751692e-08, 0.0, 1.8000000160769378, 0.0, 0.0,
      1.0, 0.525, 0.0, 0.0, 0.0, 1.0]
    dt: d
    rows: 4
  type: tables
  width: 1.2
names:
- tall_table
- long_table
- bin_a
- bin_b
- tray_a
- tray_b
- container_a
- container_b
- shelf_floor_0
- shelf_floor_1
- shelf_floor_2
shelf_floor_0:
  depth: 0.28
  height: 2.02
  transform: !!opencv-matrix
    cols: 4
    data: [2.6794896301751692e-08, -0.9999999999999998, 0.0, 2.2674700037512854,
      0.9999999999999998, 2.6794896301751692e-08, 0.0, 4.800000010717959, 0.0, 0.0,
      1.0, 0.625, 0.0, 0.0, 0.0, 1.0]
    dt: d
    rows: 4
  type: shelves
  width: 0.8
shelf_floor_1:
  depth: 0.28
  height: 2.02
  transform: !!opencv-matrix
    cols: 4
    data: [2.6794896301751692e-08, -0.9999999999999998, 0.0, 2.2674700037512854,
      0.9999999999999998, 2.6794896301751692e-08, 0.0, 4.800000010717959, 0.0, 0.0,
      1.0, 0.925, 0.0, 0.0, 0.0, 1.0]
    dt: d
    rows: 4
  type: shelves
  width: 0.8
shelf_floor_2:
  depth: 0.28
  height: 2.02
  transform: !!opencv-matrix
    cols: 4
    data: [2.6794896301751692e-08, -0.9999999999999998, 0.0, 2.2674700037512854,
      0.9999999999999998, 2.6794896301751692e-08, 0.0, 4.800000010717959, 0.0, 0.0,
      1.0, 1.175, 0.0, 0.0, 0.0, 1.0]
    dt: d
    rows: 4
  type: shelves
  width: 0.8
tall_table:
  depth: 0.4
  height: 0.6
  transform: !!opencv-matrix
    cols: 4
    data: [2.6794896301751692e-08, -0.9999999999999998, 0.0, 5.358979371372641e-09,
      0.9999999999999998, 2.6794896301751692e-08, 0.0, 1.8500000053589791, 0.0, 0.0,
      1.0, 0.725, 0.0, 0.0, 0.0, 1.0]
    dt: d
    rows: 4
  type: tables
  width: 0.4
tray_a:
  depth: 0.38
  height: 0.42
  transform: !!opencv-matrix
    cols: 4
    data: [2.6794896301751692e-08, 0.9999999999999998, 0.0, 1.6200000050910301, -0.9999999999999998,
      2.6794896301751692e-08, 0.0, -0.5799999959807655, 0.0, 0.0, 1.0, 0.545, 0.0,
      0.0, 0.0, 1.0]
    dt: d
    rows: 4
  type: tables
  width: 0.3
tray_b:
  depth: 0.38
  height: 0.42
  transform: !!opencv-matrix
    cols: 4
    data: [2.6794896301751692e-08, 0.9999999999999998, 0.0, 1.9300000050910302, -0.9999999999999998,
      2.6794896301751692e-08, 0.0, -0.5799999959807655, 0.0, 0.0, 1.0, 0.545, 0.0,
      0.0, 0.0, 1.0]
    dt: d
    rows: 4
  type: tables
  width: 0.3
